fid	X2000	Y2000	v_m	ALD_m	Exx	Eyy	Yxy
5	5568827,8	5718760,8	-54,3	-13,9	0,04354	-0,06072	0,07232
17	5568946,8	5718480,6	-9,5	-17,2	0,03412	0,09521	0,07494
20	5567731,5	5717838	-100,8	72,8	-0,04615	-0,19569	0,38358
50	5568213,5	5716755,5	-0,2	-2,5	0,00116	0,06556	0,02089
62	5567680,6	5717111,9	-38,6	8,1	-0,07026	-0,00076	0,10075
92	5568404	5718811,6	-19,9	11,5	0,00931	0,02163	0,07116
93	5568903,8	5716696,1	-12	-16,5	0,0207	0,03533	-0,11148
116	5568075,1	5717542,3	-222,8	-75	-0,36543	-0,16131	-0,29581
138	5568613,6	5717706,1	-27,8	-22,1	0,20321	0,02327	0,0187
148	5567852	5718007,6	-175,4	85	-0,43032	-0,33307	-0,26948
165	5567561,9	5716907,8	-5,7	26,7	0,03292	0,0778	0,20834
176	5569128,5	5718529,6	-21,2	-18,1	-0,02446	0,04813	-0,01846
182	5568753,9	5716883,1	6,6	-11,9	0,00415	-0,01923	0,00515
195	5568621,7	5718057,9	-87,8	-136,7	0,18844	-0,15816	0,01227
240	5568242,2	5716991,2	-35	-39,4	-0,01027	0,08385	-0,03197
251	5569235,9	5717831,3	3,1	-51,1	-0,00162	-0,00158	0,01335
263	5567544,8	5716898,5	-25,4	11,7	0,04405	0,06304	0,1851
282	5568386	5717157,6	-51,3	-43	0,04279	0,17125	-0,08735
291	5568525,5	5717970,9	-123,5	-147,1	0,21921	-0,16988	0,13399
301	5567592,8	5717760,5	-38,9	44,1	0,193	0,07367	0,44483
306	5567438,2	5718106,7	-10,2	26,4	0,12934	-0,09872	0,09794
313	5568044,5	5716725,8	-4,7	3,1	-0,04455	0,0284	-0,06717
341	5569226	5717280	-7,8	-3,6	-0,03546	-0,02429	0,00988
342	5567673,8	5718044,3	-71,3	80,9	0,01573	-0,22334	0,05629
352	5567968,7	5718028,1	-244,2	43,8	-0,62142	-0,36493	-0,29222
355	5567430,3	5718214,7	-22,4	10,1	0,08515	-0,06055	0,01865
369	5567792,8	5718829,7	-1,9	-7,7	-0,09224	0,09144	-0,01583
376	5567539,9	5717415,2	-32,8	15,9	0,03064	-0,04829	0,05838
385	5567969,8	5718062,5	-239,7	33,9	-0,61743	-0,31933	-0,27043
391	5568266,3	5717123,3	-46,5	-30,9	-0,03822	0,18252	-0,11701
395	5568434,9	5716818,1	-10,8	-23,8	0,002	0,01389	-0,03815
400	5567753,1	5717356,9	-53,4	23,9	-0,03336	0,0741	0,33798
408	5568387,5	5717233,2	-36	-61,3	0,04237	0,16076	-0,09774
424	5568257,6	5717523,9	-186,6	-105	-0,15182	-0,13198	-0,43539
427	5568526,1	5718815,5	-17	7,9	-0,00189	-0,00982	0,03189
459	5567564,9	5717248,3	-18,1	27,5	0,00587	0,01788	0,07294
469	5568088,1	5718342,7	-145,9	-10,8	-0,36807	0,07576	-0,03288
473	5568508,3	5718644,9	-44,6	-26,1	0,04307	0,13552	0,0766
474	5568492,5	5718662,3	-31,9	-18,5	0,05069	0,13987	0,07212
492	5567663,3	5717859,5	-56,6	71,1	0,11902	-0,06702	0,39649
501	5568297,8	5717588,3	-202,8	-138,8	-0,08362	-0,18744	-0,37476
504	5568384,5	5716957,3	-14,8	-4,1	0,00216	0,0229	-0,07432
505	5568365,9	5718604,5	-32,4	-0,2	0,00913	0,17548	0,17408
515	5567868,4	5718279,7	-82,6	3,4	-0,32194	-0,02434	-0,24893
552	5568504,6	5717185,1	-17,1	-25,4	0,03573	0,12887	-0,04083
556	5568252,4	5716725,7	-10,3	2,3	-0,00076	0,0767	0,02922
573	5568019,6	5717691,8	-289,7	-28,3	-0,51898	-0,54731	-0,33671
574	5568426,4	5717227,2	-25,9	-27	0,05256	0,13994	-0,08568
576	5567493,2	5718703,8	-13,2	-25	0,00485	-0,00548	-0,07369
582	5568569,6	5716930,5	-15,2	-21,9	0,00727	-0,00502	-0,04883
583	5568976,6	5716727,6	-13,2	-8,6	0,04479	0,08103	-0,09818
591	5567644,1	5718421,9	-10,1	27,3	-0,02754	0,11508	-0,079
595	5569124,6	5718227,7	-19,5	-51,2	0,02965	-0,05925	0,03847
598	5567094,8	5718834,2	7,5	6,9	0,01723	0,05991	0,01049
601	5568019,6	5716775,2	-37,3	-35	-0,0472	0,0378	-0,06984
615	5568472,9	5717408,8	-86,5	-92,5	0,0465	-0,08673	-0,18482
626	5567589	5717927,7	-19,5	76,9	0,19287	0,03606	0,31948
631	5568171,7	5718468,6	-103,1	-26,5	-0,18895	0,2116	0,05047
646	5567567,5	5716773,1	-25,4	4	0,02019	0,1108	0,10632
691	5567044,5	5716801,4	-1,1	-5,7	-0,01025	-0,02621	-0,02959
696	5567500,5	5717762,3	-23,3	29,4	0,13708	0,10482	0,13827
733	5567824,7	5717005,4	-32,6	3,5	-0,11079	0,04945	-0,02416
751	5567708,6	5718372,5	-30,4	52,6	-0,09129	0,09525	-0,11719
770	5567907,3	5718287,3	-122,5	28	-0,36166	0,02184	-0,22789
775	5569001,3	5717495,8	9,5	-12	0,07977	0,00324	-0,01471
776	5567929,6	5717039,2	-38,2	-12,9	-0,06991	0,09707	-0,02241
780	5567311,3	5718764,9	1,9	8	0,02407	-0,00714	-0,05114
803	5569195,3	5718640	-56,5	0,4	-0,05153	0,04029	-0,00564
816	5567895	5716698,8	-13,1	7,2	-0,04482	0,03804	0,00249
828	5567480,4	5716900,6	-8,2	2	0,06632	0,00327	0,11857
845	5568900,7	5717618,4	-32	-57,6	0,11538	0,00342	-0,06582
849	5568593,8	5716945	-16,8	-28,5	0,00662	0,02353	-0,01865
862	5567071,6	5717994,1	-0,8	3,3	-0,00014	-0,04725	-0,09425
866	5568319,3	5717576,3	-215,1	-145,7	-0,06063	-0,15524	-0,35987
874	5568177,5	5717168	-50,5	-38,2	-0,08409	0,29495	-0,0978
890	5568007,6	5717709,4	-263,9	-2	-0,5408	-0,58187	-0,37022
892	5569071,1	5718411,6	-19,2	-8,7	0,0032	0,00524	0,05056
908	5567319,1	5717426,9	11,8	13,7	0,04539	-0,03347	0,12358
925	5568267,9	5717946,6	-232,3	-196,5	-0,10575	-0,31429	0,149
929	5567390,1	5717918,9	-3,3	40,1	0,09662	0,0857	0,06096
936	5568097	5717721,5	-321,1	-77	-0,48471	-0,59449	-0,45967
966	5567621,9	5717410,3	-37,4	40,6	0,06241	-0,05274	0,19425
976	5567506,4	5717917,1	-4,2	43,1	0,21561	0,10648	0,22102
993	5569210,1	5718144,7	2,1	-48,8	8,00E-05	0,00607	-0,02091
1003	5568046,6	5717320,5	-104,6	-16,8	-0,19486	0,41143	-0,03719
1014	5568915,8	5718492,1	-17,8	2,9	0,05188	0,108	0,09123
1020	5568285	5717586,7	-213,6	-138,1	-0,11092	-0,19546	-0,37713
1040	5567355	5717729,8	9,9	22,1	0,02775	0,00433	-0,02543
1048	5568768,3	5718765,8	-54,5	-21	0,03313	-0,06416	0,09088
1053	5567993	5717010,8	-42,1	-14,7	-0,06344	0,08386	-0,00318
1059	5569101,5	5717356,4	-6,1	-13,8	0,03027	0,0564	-0,02193
1070	5568500,3	5717150,3	-14,4	-28,4	0,03303	0,14808	-0,03953
1074	5567121,8	5717974,4	-4,6	5,3	0,02541	-0,04609	-0,08287
1076	5567439,9	5717967,3	-19,7	17,4	0,15994	0,00827	0,15337
1082	5567416,5	5718554	-1,3	8,2	0,06501	0,01881	-0,00739
1084	5567805,2	5717544,6	-128,7	51,9	-0,08198	0,02598	0,53149
1137	5568532,1	5717424,3	-67,3	-84	0,06217	-0,09746	-0,11762
1163	5568571,2	5717957,3	-125	-164,9	0,21542	-0,16164	0,08616
1167	5568918,7	5717369,9	-8,7	-45	0,08381	-0,01182	-0,09351
1173	5568037,9	5717312,1	-88,6	27,7	-0,18	0,4171	0,00655
1179	5567419,1	5716743,2	-8,5	-1,9	0,00139	-0,01833	-0,09112
1185	5568129,9	5717021,1	-49,5	-15,5	-0,04435	0,12403	-0,01674
1189	5567088,1	5717331,3	9,1	5,9	0,01986	0,06845	0,01445
1195	5567249,3	5717581,9	2,1	-3,5	0,03739	-0,01803	0,05327
1196	5567999,4	5718406,5	-105,5	10	-0,30237	0,17571	-0,13402
1211	5568924,2	5717223,1	1,8	-18,4	0,05527	0,01388	-0,08299
1217	5567623,3	5718004,8	-13,1	117	0,11711	-0,1735	0,1257
1229	5567522,5	5717726,3	-18,8	29,5	0,17194	0,05287	0,22006
1239	5569231,5	5717152,1	-9,5	-5,6	-0,02359	-0,13363	0,0259
1240	5567082,1	5718872,4	9,8	10,8	0,00494	0,02001	0,00929
1248	5568861,2	5717224,8	7,3	-28,9	0,03826	0,03137	-0,07582
1284	5568526,8	5718300,3	-89,9	-92,4	0,13124	-0,07261	0,12673
1287	5567799,3	5718396,6	-35,4	27	-0,20907	0,12894	-0,1556
1290	5567538	5716934	-19,5	12,7	0,04629	0,05086	0,20225
1294	5568968,6	5718778,5	-41,7	-18,3	0,04972	-0,011	-0,00629
1299	5568837,2	5718838,6	-38,3	-15,1	0,02982	-0,07535	0,07474
1303	5569259,9	5717633	-9,1	-51,7	0,00674	-0,01657	0,00634
1307	5568941,2	5717657,7	-27,6	-60,6	0,11115	0,01043	-0,05508
1318	5567709,8	5718036,9	-75,8	91,2	-0,05664	-0,2658	-0,00198
1321	5568167,8	5718171,3	-253,8	-79,6	-0,37655	-0,26584	0,09049
1322	5568837,9	5717353,5	-8,8	-41	0,07915	-0,0106	-0,10202
1334	5567130,4	5717135,8	2,4	4,8	0,00586	0,0303	-0,03756
1352	5568468,8	5718653,3	-26,1	-16,8	0,0531	0,16595	0,09254
1361	5567714,7	5716927,7	-20,3	7,5	-0,05652	0,09532	0,11278
1385	5568187,3	5717542,1	-228,4	-124,4	-0,25975	-0,21153	-0,46458
1394	5567756,3	5718353,1	-32,9	40,6	-0,17305	0,0948	-0,1457
1408	5568432,9	5717451,6	-125,5	-101	0,04355	-0,0804	-0,23973
1410	5568380,1	5718611,3	-26,1	-4,4	0,02467	0,17431	0,16714
1416	5569272,9	5718818,1	-52,6	-7,4	-0,06497	0,10324	0,08511
1428	5567986,6	5717307,2	-87	3,4	-0,16236	0,38253	0,08536
1449	5569265	5718663,4	-36,1	-8,7	-0,04392	0,03834	-0,01469
1478	5567229,2	5717560,7	12	23,1	0,04683	-0,01087	0,05236
1484	5568972,1	5717494,5	-15,1	-41,1	0,09572	-0,00811	-0,03029
1556	5567983,5	5717559,3	-219,7	-10,5	-0,3736	-0,10847	-0,05089
1558	5568511,8	5716911,7	-8,1	-31,1	0,00647	-0,00728	-0,08677
1559	5567966,6	5717005,1	-34,7	-9,5	-0,06066	0,08673	-0,01104
1576	5568204,2	5717202,1	-54,4	-55,3	-0,08255	0,31008	-0,12832
1578	5568428,3	5718564,2	-54,3	-48,8	0,03991	0,18038	0,13016
1579	5567419,9	5718436,3	1	32,6	0,07006	0,0448	0,00013
1602	5568575,4	5718699,7	-10,2	16,8	0,02041	0,074	0,08546
1605	5568853,8	5717375,1	-1,9	-37,5	0,08852	-0,0298	-0,09982
1612	5568696,4	5716918	-8,7	-18,4	-0,00793	0,00581	0,01632
1622	5568901,1	5717578,5	-13,5	-48,8	0,11846	-0,01645	-0,0457
1631	5568760,1	5717649,1	-40,5	-53,1	0,09091	0,05297	-0,06824
1632	5568052,6	5717560,6	-225,7	-30,9	-0,38879	-0,21966	-0,28548
1637	5568150,8	5718149	-225,9	-55,3	-0,39757	-0,27045	0,03946
1643	5567329,9	5718097,5	-12,3	1,7	0,11489	0,00541	0,07422
1662	5567281,1	5716874,2	8,6	-7,8	0,03306	-0,08816	-0,04527
1685	5568466,8	5716906,2	-24,2	-18,4	0,00794	0,00374	-0,08795
1695	5568446	5718091,4	-143,4	-152,9	0,17903	-0,19234	0,18392
1708	5568102,4	5718195,6	-244,3	-48,1	-0,4552	-0,21273	-0,00926
1711	5567423,8	5717729,9	-29,3	12,9	0,03824	0,01509	-0,03676
1719	5567452,8	5716898,3	-16	9,1	0,06226	-0,01574	0,07137
1726	5567872,5	5717544,8	-155,4	25,6	-0,19663	0,00565	0,35395
1744	5568493	5718008,8	-109,7	-130,1	0,22444	-0,18275	0,17865
1751	5568909,8	5718859,2	-22	-10,2	0,02412	-0,06994	0,04995
1752	5568548,9	5718676,4	-4,8	-4,7	0,03159	0,10326	0,07426
1760	5567055,7	5717316,2	14,2	0,3	0,01477	0,06486	0,00518
1773	5567430,9	5718241,6	-5,2	16,5	0,07091	-0,0391	-0,00192
1824	5567852	5718757,2	-5,1	-3,7	-0,15965	0,09866	-0,0449
1845	5568355,8	5718800,9	-40,6	-13,8	0,01348	0,04531	0,11368
1847	5568405,1	5717729	-142,3	-123,3	0,17835	-0,10479	0,05193
1875	5568564,6	5717796,3	-110,3	-111,2	0,19771	-0,04845	0,08881
1883	5567269,3	5717084,5	-0,1	10,5	0,05208	0,03965	0,03029
1889	5567080,5	5718507,6	-4,7	11,7	0,02081	-0,06386	-0,0261
1892	5567375,8	5717589,6	-9,5	21,5	0,00907	-0,1157	-0,00545
1897	5568424,1	5718270	-128,1	-110,3	0,10845	-0,14857	0,20656
1898	5568710,3	5718707	-46,2	1,4	0,04691	0,01929	0,11039
1911	5567997,5	5718572,8	-59	34,5	-0,20732	0,21197	-0,11812
1923	5568381	5718279,4	-120,2	-85,5	0,07119	-0,15719	0,22608
1926	5568999,3	5718465,4	-8,9	-5,3	0,00698	0,07776	0,06614
1945	5568734,2	5717535,7	-45,5	-95,6	0,10935	-0,00282	-0,01117
1950	5567436,6	5716723	-0,7	-5,2	-0,00928	0,00721	-0,09839
1980	5567738,7	5718889,8	29,1	40,6	-0,05791	0,08629	0,00564
2020	5567439,9	5717562,6	-43,4	31	0,03133	-0,18762	-0,01754
2030	5569140,7	5717049,7	20,2	11,6	0,05635	-0,08595	0,0457
2037	5568029,1	5717002,2	-30,9	-6,5	-0,04955	0,078	0,00573
2070	5568216,1	5717718,6	-308,2	-69,7	-0,20894	-0,45061	-0,35019
2080	5567516,5	5716897,7	-9	8,4	0,04989	0,04199	0,16475
2081	5567064,3	5717880,4	7,8	17,7	0,01743	-0,04816	-0,0753
2091	5569163,2	5717452,6	39,2	32,2	0,01499	0,07031	-0,00513
2094	5569133,6	5717795,3	25,4	3,4	0,04219	0,01579	0,02505
2116	5567048,5	5718513,5	5,8	16,3	0,00665	-0,06688	-0,02528
2123	5567462,3	5718554,9	-3,1	35,2	0,04369	0,0229	-0,0411
2133	5568407,6	5717137,1	-42,4	-40,5	0,04067	0,1615	-0,08295
2136	5567694,4	5718012,3	-77,7	65,8	-0,01441	-0,22868	0,0781
2137	5567756,5	5717820,7	-103,1	81,1	-0,12485	-0,24123	0,32538
2140	5567896,2	5716713	-8,2	15	-0,05242	0,04044	-0,01336
2208	5567186,9	5717169,4	-0,2	8,3	0,01549	0,069	0,02666
2209	5569112	5718324,1	-1,1	-3	0,00023	-0,05441	0,04653
2250	5568136,8	5718372,7	-130,3	-20,4	-0,28904	0,08335	0,01857
2256	5567355,6	5717886	-25,5	0,4	0,06274	0,03482	0,00171
2258	5568313	5716693,6	20,5	9,8	0,00374	0,09105	0,03325
2267	5568888,3	5718880,3	-44,4	0,4	0,02255	-0,06914	0,05687
2277	5568887,9	5717651,3	-36,6	-67,5	0,10461	0,01034	-0,07335
2305	5567926,7	5717284,1	-89,5	2,2	-0,1093	0,29757	0,19275
2312	5567907,1	5717556,1	-176,9	25,6	-0,28991	-0,06222	0,21085
2327	5567929,3	5716823,4	-7,7	5,1	-0,07119	0,04467	-0,07846
2328	5567171,2	5717868,1	-4,7	5,3	0,04722	-0,05094	-0,06859
2333	5567082,8	5718850,1	6,7	4,5	0,00875	0,03956	0,01134
2340	5567533,2	5718542	-12,1	5,6	0,01586	0,02123	-0,05105
2342	5568718,2	5718142	-55,1	-84,5	0,15819	-0,11021	0,00118
2373	5567152,1	5717562,8	5,3	7,5	0,04575	0,02407	0,0029
2379	5568622,5	5717370,9	-49	-66,8	0,05387	-0,06228	-0,05964
2383	5567789,4	5717315,6	-60,8	4	-0,04841	0,1097	0,3148
2384	5568433,6	5716917	-11,7	-18,6	0,01499	0,00836	-0,08249
2395	5567464,7	5717401,7	-14,6	17,8	0,03067	-0,05698	0,02034
2398	5569051,7	5717519,2	-10,9	-36,3	0,04157	0,00626	0,00946
2409	5569004,6	5718013	-25,8	-47,9	0,12354	-0,01426	0,05344
2415	5567187,3	5717860,6	-1	14,6	0,05171	-0,04397	-0,05519
2419	5567783,4	5718361,8	-66,2	23,4	-0,19916	0,12184	-0,17141
2428	5567923,8	5717800,6	-261,7	66,4	-0,54042	-0,56979	-0,26987
2439	5568333,9	5717051,9	-26,4	-26,2	0,00324	0,07539	-0,10521
2455	5568080,8	5718194,3	-232,1	-19,8	-0,48177	-0,21635	-0,04092
2456	5568006,4	5717319,1	-77,5	-12	-0,17736	0,40141	0,04948
2462	5567324,6	5718782,9	-0,9	6,8	0,01921	-0,00973	-0,05949
2469	5568390,1	5716886,1	-2,7	-14	0,01031	0,01778	-0,05297
2490	5567714,7	5717608,9	-63,6	66,6	0,09322	-0,05929	0,61475
2503	5568529,2	5717125,8	-6,3	-30,9	0,03788	0,1475	-0,03108
2518	5568281,8	5716726,9	3,2	-8,1	0,0021	0,09328	0,03948
2526	5567414	5717067,2	-11,3	6,7	0,08835	0,05365	0,15487
2527	5568819,8	5718550,2	-7,4	-8,8	0,07708	0,12021	0,11143
2548	5569253,4	5717271,9	4,5	-19,2	-0,05522	-0,04674	0,01666
2568	5567311	5717605,9	9,4	22,4	0,01518	-0,04168	0,04589
2583	5567463,1	5717789,4	-13,4	31,5	0,1094	0,094	0,09815
2590	5568231,8	5718675,1	-45,1	1,8	0,01156	0,12976	0,11919
2591	5567318,5	5716864,3	-6,8	4,6	0,04209	-0,08446	-0,04491
2599	5568577,2	5717437	-64,2	-78,7	0,07407	-0,10401	-0,07285
2600	5567517,8	5716775,9	-0,4	17,1	0,01958	0,06542	0,03749
2614	5569040,8	5717387,2	-5,8	-20,8	0,05644	0,05287	-0,03069
2616	5568183,2	5717671,3	-271,9	-77,8	-0,30223	-0,4377	-0,4245
2629	5568984,1	5718469,9	-30	-17	0,0193	0,07943	0,0661
2638	5567178,2	5716985,9	-5,5	7,2	0,01668	-0,06091	-0,05195
2645	5568487,4	5717396,3	-76,8	-82,6	0,05244	-0,07004	-0,1639
2652	5568330,4	5716967,2	-44	-55,3	0,00043	0,05743	-0,06434
2653	5567329,7	5717244,7	-13,1	-0,1	0,06088	0,13866	0,13279
2659	5568165,7	5717738,5	-331,7	-123,2	-0,34414	-0,52597	-0,36137
2662	5567468,1	5717113,9	-0,9	9,5	0,06266	0,05431	0,20081
2665	5567142,1	5717324	4,5	18,9	0,01915	0,07527	0,03716
2668	5568145,7	5717594,6	-253,2	-64,1	-0,35817	-0,29202	-0,45078
2672	5567096,9	5718000,6	2,3	5,3	0,01089	-0,03776	-0,09117
2686	5567962,4	5718197,4	-160,8	69,8	-0,48523	-0,1668	-0,23772
2690	5567096,8	5717665,2	-3,8	1,8	0,03236	0,03973	-0,03755
2709	5568942,5	5718408	-20,1	-28	0,0657	0,06389	0,09587
2714	5568324,4	5717484,9	-174	-134,9	-0,0669	-0,06614	-0,35415
2728	5567798	5718113,5	-118,6	94,4	-0,26616	-0,27002	-0,19276
2755	5567153,8	5717472,9	-12,6	25,7	0,03127	0,00151	0,02232
2757	5568637,9	5718585,5	-36,6	-21,1	0,04846	0,14174	0,11014
2765	5568346,8	5718820,5	-14,6	-20,6	0,00903	0,04624	0,10612
2766	5568518,1	5716812,9	-22,4	-43	-0,01011	-0,01335	-0,05902
2769	5569024,1	5718021,1	15,3	-2,6	0,11027	-0,00978	0,06071
2770	5568538,5	5716930,9	-21,9	-28,7	0,00425	-0,00771	-0,0825
2781	5568431,1	5718808,3	-42	-13,6	0,02667	0,00538	0,04862
2782	5567758,9	5718105,9	-98,8	82,7	-0,20275	-0,25695	-0,13801
2792	5567581,7	5718273,6	-31,6	24,8	0,08127	-0,03122	-0,06903
2820	5567459,7	5717225	-9,1	13,2	0,04681	0,09674	0,13188
2842	5568387,9	5718802,6	-44,3	0,3	0,00998	0,02847	0,08261
2860	5568911,9	5718273,4	-3,5	-43,9	0,10915	-0,04214	0,13577
2871	5568317,8	5718632,1	-40	-10,4	-0,00983	0,1733	0,16997
2873	5567042,5	5718019,8	0,7	9,9	0,0011	-0,04006	-0,09608
2884	5567561,5	5718769	17,2	14,5	0,00412	0,00594	-0,03845
2904	5568241,4	5718692,4	-28,9	-19,9	0,02206	0,12185	0,13539
2910	5568447,1	5717439,7	-104,2	-97,1	0,05498	-0,09739	-0,20776
2923	5567110,8	5717279,8	10,3	8,9	0,00786	0,07698	0,00853
2925	5568244,1	5716943,7	-30,7	-35,5	-0,00528	0,06978	-0,01292
2926	5567453,8	5718576,6	-4,5	2,1	0,04527	0,01724	-0,03342
2927	5567554,4	5717747,5	-18	52,1	0,20147	0,09214	0,30077
2934	5567909,5	5716988,5	-32,2	6,3	-0,08142	0,06693	-0,04781
2944	5568213,1	5718639,6	-44	-33,4	-0,03437	0,15757	0,08936
2956	5567087,8	5716995,3	-6,8	-1,7	-0,00854	-0,0529	-0,05274
2965	5567815,7	5717315,1	-56,1	10,2	-0,07317	0,13418	0,32072
2970	5567366,3	5718307,2	-1,1	15,9	0,07077	0,0077	0,00431
2978	5567671,8	5716978,5	-24,4	5,8	-0,05193	0,04987	0,13323
2979	5568290,1	5717092,9	-35,8	-34,1	-0,0167	0,1188	-0,10638
2985	5568806,1	5718326,3	-8,6	-36,2	0,13506	0,01454	0,10028
2988	5568520,9	5717154,4	-12,1	-34,6	0,03878	0,14697	-0,03072
2997	5568524	5718659,9	-13,7	-15,9	0,03699	0,11955	0,07005
2998	5568850,2	5717596,7	-25,6	-54,5	0,08977	0,01089	-0,06232
3003	5569154,4	5718437,8	-24,9	-36,3	-0,00699	-0,00475	0,00303
3004	5568958,6	5717405,2	-8	-45,4	0,10121	0,01689	-0,05656
3007	5568842,1	5718404,7	-12,4	7,1	0,10921	0,08675	0,11286
3023	5568533,1	5716785,1	-13,9	-16,8	-0,02031	-0,00365	-0,05177
3026	5567471,2	5717242,2	-9,8	16,8	0,03326	0,07944	0,11571
3060	5568582,5	5716965	-19,9	-28,1	0,01333	0,03824	-0,01799
3066	5568237	5717526,2	-193,6	-111,2	-0,1818	-0,15727	-0,45189
3068	5568700,3	5717854,8	-87,2	-133,6	0,1453	-0,06772	-0,03454
3091	5569264,3	5716786,9	39,1	43	-0,00211	0,20576	0,06024
3092	5568795,1	5716847,6	-10,2	-41,8	0,00089	-0,03465	-0,00427
3100	5567561,9	5717556,6	-46,6	35	0,14753	-0,13286	0,21546
3150	5567807,5	5716980,3	-28,1	-2,2	-0,10839	0,04635	-0,02348
3163	5568996,6	5716677,8	-10	-0,5	0,02361	0,09509	-0,13495
3168	5567503,5	5717048,2	-9,1	13,1	0,05759	0,03653	0,20625
3169	5568886,5	5717573,4	-20,6	-64,2	0,11175	-0,01372	-0,04534
3195	5568504,9	5717924,7	-160	-200,6	0,22537	-0,16723	0,17565
3213	5567405	5716923,8	-4,1	10,4	0,07908	-0,04022	0,04799
3216	5567571,8	5717946	-26,4	65	0,19704	0,0258	0,29915
3221	5568181,6	5716846,3	-20	-22,9	0,00847	0,05054	0,04538
3252	5569078,1	5718216,3	-22,7	-34,4	0,03552	-0,06754	0,08751
3255	5567618	5717921,1	-44,1	77,4	0,14562	0,01893	0,3384
3277	5568065,6	5718343,3	-132,5	-2,7	-0,37226	0,08825	-0,05698
3280	5567486,3	5717582,1	-22,8	39,1	0,06601	-0,17475	0,06493
3286	5569125,4	5717303,5	20	-21,3	0,03135	0,00643	-0,01386
3305	5569051,6	5717568,8	-20,8	-43,8	0,04891	-0,03312	0,01905
3326	5568034,1	5716809,1	-4	14,5	-0,04195	0,04174	-0,06048
3334	5567395,4	5717062	-10,4	8,1	0,088	0,04824	0,13417
3362	5567385,9	5718785,4	4	7,7	0,00862	-0,01428	-0,07934
3365	5567586	5718596,8	-20,9	-2,6	-0,01602	0,00276	-0,05326
3384	5567540,5	5717066,3	-23,4	13,8	0,03343	0,03356	0,19853
3385	5568016,3	5718317,1	-111,9	26,5	-0,3965	0,06165	-0,12327
3390	5568164,9	5717000,2	-16,8	-16,4	-0,02748	0,09598	-0,01659
3391	5568007,6	5716883	-26,6	-13,7	-0,04182	0,06886	-0,04861
3393	5567189,4	5718519,2	7,4	11,5	0,08048	-0,06381	0,00077
3406	5567381,5	5717760,3	-8	12,1	0,0292	0,0303	-0,04519
3409	5567956,9	5718136	-231,2	8,4	-0,56074	-0,22543	-0,2478
3418	5568835,9	5717804,4	-43,1	-95,5	0,11429	0,00135	-0,10133
3438	5568076,4	5716785,3	-9,1	-16,3	-0,02949	0,04558	-0,05027
3444	5568281,1	5718403,5	-102,4	-44	-0,09132	0,07957	0,20314
3464	5567282,8	5718089,4	-1,9	20,7	0,09876	0,02132	0,03733
3487	5567151,7	5716994,7	-0,3	11,2	0,00742	-0,06032	-0,05508
3524	5567560,7	5718553	4,3	24	0,00859	0,01228	-0,05829
3529	5568401,6	5718755,9	-31,9	-22,3	0,02771	0,04561	0,09943
3549	5567464,6	5717428,4	-37,1	18,4	0,03565	-0,07542	0,02005
3554	5567171,7	5716715	-3,5	-0,1	0,00995	-0,00699	-0,00097
3560	5567135,5	5717476,9	9,1	12,9	0,0313	0,00529	0,01265
3566	5567535,1	5716769,3	-8,7	10	0,01875	0,07805	0,04554
3577	5568781,6	5717471,2	-24,3	-41,6	0,07332	-0,03154	-0,03245
3585	5568374,8	5718046,9	-150	-178,9	0,11607	-0,23218	0,24569
3595	5567527,9	5717418,2	-31,6	6,8	0,02833	-0,0467	0,05146
3606	5567821,3	5717159	-46	17,6	-0,09807	0,10173	0,05893
3630	5568811,6	5718630,7	-36,3	-31,9	0,07916	0,08066	0,10086
3643	5567482,8	5717740,4	-25,6	20,8	0,11121	0,0808	0,1117
3645	5568466,6	5717125,4	-25	-34,4	0,02702	0,14941	-0,05488
3667	5569272,2	5716836,9	21,9	33,6	-0,01805	0,16525	0,07128
3675	5567953,3	5716847,7	-19,5	3	-0,06098	0,05298	-0,07158
3676	5568526,4	5716909,3	-16,1	-23,4	0,00401	-0,01724	-0,07888
3686	5567746,7	5718107,3	-93,8	91,8	-0,18107	-0,25679	-0,14198
3692	5567133,2	5716972,6	-4,1	1,5	0,0017	-0,06908	-0,05453
3693	5569102,1	5717376,8	-13,5	-41	0,02609	0,06793	-0,01645
3697	5568892	5718487,7	-3,2	-0,7	0,08027	0,11975	0,09188
3699	5568842,7	5717564,9	-30,1	-58,3	0,08445	-0,00251	-0,05445
3714	5568891,9	5717799,3	-22,9	-66,7	0,13462	0,02155	-0,09195
3743	5567850,5	5716687,4	-19,2	15,4	-0,025	0,03861	0,04173
3744	5568300,4	5717245,8	-69,7	-54,4	-0,01442	0,24889	-0,15778
3749	5568048,6	5718173,3	-242,5	1,3	-0,52131	-0,21964	-0,11199
3750	5567763,9	5718658,4	-24,4	-2,7	-0,12086	0,08235	-0,0474
3751	5567896,8	5717332,9	-76,7	38,3	-0,13153	0,23778	0,27436
3767	5568359	5718067,7	-171,2	-169,6	0,07199	-0,2305	0,25019
3770	5567053,7	5718163,8	17,6	34,9	-0,00328	0,03408	-0,0561
3775	5567635,6	5717929,2	-54,2	77,1	0,11547	-0,01704	0,31743
3776	5567082,6	5716798,8	0,3	8,6	0,00214	-0,03487	-0,02547
3797	5567329,9	5717099,1	-9,1	-0,7	0,10071	0,05973	0,08495
3802	5568299,3	5717217,8	-57,4	-33,1	-0,00638	0,21784	-0,13553
3803	5569026,2	5716824,6	18,1	-13,6	0,09987	0,08941	-0,02363
3805	5568901,8	5718034,1	-6,1	-80,1	0,16774	-0,07569	0,03773
3812	5568872,8	5718012,3	-31,5	-69	0,15837	-0,08662	0,00884
3818	5568471,7	5717594,1	-128,6	-133,5	0,12377	0,0022	-0,0958
3821	5567312,8	5717562,6	-1	23,1	0,02506	-0,05981	0,0734
3854	5568711,6	5718447,1	-27,5	-49,5	0,11333	0,11215	0,10651
3855	5568371,9	5717157,2	-21	-59,6	0,03993	0,18645	-0,09057
3872	5568464,5	5717430,1	-87	-91,5	0,06169	-0,09743	-0,19265
3910	5569075,1	5717159,8	26,3	36,5	0,07321	-0,07697	-0,01434
3912	5567445	5718234,8	-17,2	25,4	0,07193	-0,05107	0,00127
3916	5567633,6	5717250,7	-37,4	16,5	-0,02784	0,01962	0,08898
3923	5567048,5	5717848,2	0,3	18,8	0,02078	-0,04622	-0,06516
3936	5569040,8	5717543,9	-2,4	-35,7	0,05206	-0,02388	0,01024
3938	5568459,7	5718106,2	-122,4	-130,1	0,20141	-0,19665	0,15933
3942	5567511,8	5716950,7	-10,4	19,1	0,05855	0,03235	0,19141
3953	5567863,9	5716693,5	-20,8	6,5	-0,03018	0,03666	0,02755
3961	5567938,8	5716741,6	-33,3	-23,2	-0,07106	0,03263	-0,066
3970	5568030	5718315,9	-124,1	0,7	-0,39017	0,06078	-0,105
3971	5569201,9	5717765,5	-28	-68,7	0,02139	-0,005	0,01136
3987	5567267,9	5717668,8	17,2	22	0,01647	0,00319	0,0256
4014	5568486,1	5718283,4	-118,6	-106,9	0,13933	-0,10875	0,15384
4017	5568831,2	5716847	-4,6	-22	0,02361	-0,02646	-0,01686
4040	5568754,4	5716862,8	0,1	-20,5	0,002	-0,03145	0,0019
4050	5569228	5717778,8	8,6	-40,9	0,01024	-0,01118	0,01082
4051	5567113,6	5717151,2	10,7	1,9	0,00447	0,03701	-0,03577
4056	5568998,3	5717657,5	-17	-58,9	0,06355	0,00227	-0,01271
4075	5567123,5	5718860,9	10,9	9,9	0,01287	0,01682	-0,01499
4083	5567629,3	5718322,4	-14,4	55,5	0,00581	0,05565	-0,08683
4086	5568122,5	5716694,4	-20,8	-10,9	-0,03121	0,03343	-0,0486
4115	5569048	5717648,4	-22,9	-33,3	0,05283	-0,01959	0,03229
4127	5568344,8	5716740,3	-8	-16	0,01525	0,08988	0,0522
4166	5569141,4	5717961,6	7	-32,3	0,03002	0,04291	0,01372
4168	5567485,5	5718148,8	-16,8	19,7	0,12385	-0,11155	0,0587
4173	5568211,7	5718442,7	-98	-42,1	-0,16064	0,18252	0,10484
4177	5568971	5718052	0,8	-33,9	0,1279	-0,0474	0,07316
4179	5567949,5	5717818,4	-283	39,4	-0,58258	-0,60306	-0,33261
4191	5568727,9	5716865,2	-27,8	-32,7	-0,001	-0,02653	0,00729
4199	5568380,7	5716845,8	-11,7	-13,5	0,0077	0,01724	-0,03366
4229	5567633,7	5718066,3	-25,1	65,2	0,08045	-0,2036	0,06671
4246	5568478,6	5718633,9	-13	6,8	0,06202	0,17466	0,09946
4251	5568928,2	5716713,8	5,3	-7,8	0,03635	0,05378	-0,12411
4262	5567555,6	5717282,5	-19,6	26,1	0,00902	-0,00277	0,06965
4281	5568149,2	5717233,6	-91,7	-66,2	-0,12075	0,36626	-0,10685
4289	5567300,3	5717907,3	9,8	28,4	0,06872	-0,01403	-0,00633
4295	5569063	5717074,9	2,2	-7,7	0,09892	-0,06926	-0,00315
4311	5568280,1	5717261,7	-83,5	-55,3	-0,03636	0,27791	-0,17303
4324	5567329	5717721,4	-13,6	37,3	0,02985	0,00563	-0,01582
4358	5567642,7	5717752,3	-43,9	80,1	0,17506	-0,01478	0,52806
4364	5567548,9	5718882	10,8	4,7	-0,021	0,03106	-0,00453
4385	5568376,8	5718822,6	-30,8	-17,7	0,00341	0,03698	0,08762
4392	5568089,7	5717804,6	-333,5	-65,1	-0,54203	-0,60935	-0,37654
4400	5567510,7	5716928	-4,5	26	0,05921	0,0328	0,18468
4414	5568217,4	5717343,4	-102,6	-53,1	-0,10235	0,26647	-0,25282
4440	5568912,3	5717657,8	-2	-28	0,11001	0,00891	-0,06956
4451	5568356,2	5717560,3	-166,8	-125,3	-0,00027	-0,12174	-0,29475
4460	5568708	5717079	-19,3	-9,8	0,00297	0,10959	0,00082
4464	5568135,4	5718514,6	-77,7	-2,7	-0,1702	0,23006	-0,01007
4472	5567619,1	5717761,1	-30,2	64,5	0,17946	0,04224	0,49532
4477	5567332,6	5718777,2	3,3	14,1	0,01815	-0,00782	-0,0582
4482	5567553,7	5718449,8	5,2	26,9	0,0283	0,11908	-0,04561
4483	5568047,4	5718620	-43,8	1,1	-0,14509	0,17776	-0,08275
4485	5567438,8	5717981,5	-11,5	40	0,15908	-0,01607	0,15552
4488	5568225,6	5717223,6	-75,1	-73,7	-0,0637	0,28653	-0,14451
4502	5568143,3	5717309,9	-84,1	-34,1	-0,16445	0,37891	-0,17866
4509	5567447,3	5718424,4	-4	21,5	0,0659	0,07267	-0,01333
4511	5568615,5	5718801	-24,6	-1,8	0,00408	-0,02564	0,05895
4529	5567064,9	5717654	-11,6	-0,5	0,01643	0,04365	-0,02209
4544	5569175,8	5716759,4	30,5	25,4	0,03414	0,19838	0,01558
4548	5567371,8	5717426,3	-10,1	-0,1	0,03876	-0,0546	0,0991
4550	5567933,3	5717665,6	-242	25,5	-0,4609	-0,40143	-0,01878
4558	5567049,3	5717495	6,4	9,7	0,02516	0,01092	0,01052
4566	5568818,2	5717312,1	-7,6	-40,7	0,06955	-0,00053	-0,09371
4570	5568676,3	5717329,9	-29,8	-66,1	0,04287	-0,04091	-0,05242
4577	5567466,6	5717574,7	-41,1	44,6	0,05079	-0,17777	0,01866
4594	5569248,1	5717548,2	-2,9	-35,4	-0,00253	0,04449	0,00124
4598	5568612,3	5716756	-13,4	-10,5	-0,00481	-0,03195	-0,02193
4609	5568657,1	5716854	-7,7	-24,2	-0,00286	-0,04811	-0,01392
4610	5567986,1	5717168	-63,6	-15,1	-0,10431	0,29848	0,05146
4611	5568471,1	5718809,1	-35,2	-26,4	0,00666	-0,01271	0,03731
4613	5567516,9	5717564,7	-45,8	34,2	0,09028	-0,16164	0,09863
4640	5568311,5	5717251,7	-61,7	-46,3	0,00061	0,22796	-0,15057
4650	5567766,8	5717325,3	-63,4	22	-0,03437	0,09662	0,32291
4681	5568361,8	5718654,8	-29,1	0,2	0,01515	0,15746	0,16624
4683	5567697,7	5718066,9	-61,8	73,5	-0,0547	-0,24227	0,00876
4691	5567494,6	5717944,7	-13,6	40,7	0,20597	0,0888	0,1781
4733	5568351,2	5718636,4	-20,3	15,4	0,01433	0,17354	0,17296
4739	5567186	5718008,7	-3,9	5,7	0,06174	-0,01435	-0,04323
4745	5567485,8	5717400,5	-24,2	5,1	0,02401	-0,04841	0,02953
4747	5568549,6	5718441,3	-56,2	-48,7	0,06924	0,09695	0,12165
4753	5567749	5718038,1	-105,9	78,7	-0,17057	-0,30508	-0,08575
4764	5567379,6	5718607	11,1	16,9	0,0479	0,03324	-0,00709
4772	5567395,6	5717086,6	-8,4	10,3	0,08721	0,06302	0,1481
4785	5567570,8	5718359,8	-12,7	33,4	0,04999	0,06395	-0,04886
4800	5568720,5	5716665,8	-7,4	-21,1	0,01042	-0,03817	-0,0102
4801	5567379,7	5716715,3	-3,1	-3,1	0,00407	-0,00926	-0,06683
4802	5569145,9	5717138,2	-4,2	10,4	0,03192	-0,11397	0,02355
4829	5568387,1	5718091,5	-193,3	-218,9	0,10801	-0,20587	0,24952
4841	5567456	5718431,1	10,5	17,2	0,05424	0,07639	-0,0089
4847	5567541,2	5717434,1	-37,1	22,3	0,04026	-0,0563	0,07547
4880	5568102,6	5716786	-7,9	-6,6	-0,02258	0,04648	-0,03305
4883	5567355	5717952,2	7,2	21,9	0,09535	0,02923	0,04855
4884	5568790,5	5717443,9	-33,3	-57,8	0,08118	-0,05958	-0,04039
4895	5567489,9	5716789,1	-3,8	8,3	0,03797	0,03826	0,01087
4901	5567523,1	5718431,1	2,6	24,7	0,03364	0,12799	-0,02616
4910	5568434,5	5718330,8	-125,5	-110,2	0,09959	-0,06547	0,19691
4912	5567605,1	5716727	-9,2	13,3	0,02883	0,1137	0,10478
4918	5568619,2	5717068,1	-1,9	4,2	0,01722	0,12506	-0,01007
4927	5568671,8	5718708,9	-16,1	6,3	0,03714	0,03084	0,10689
4931	5568572,2	5718464,7	-55,2	-43,6	0,08433	0,12547	0,11218
4936	5567136,8	5717854,6	-0,7	-2,1	0,03163	-0,03918	-0,07188
4939	5567541,4	5717970,8	-15,7	51,7	0,23349	0,00999	0,25559
4952	5568398,1	5717556,6	-160,7	-137,6	0,03852	-0,07816	-0,24362
4953	5567896,1	5717834	-224,1	49,4	-0,51785	-0,54491	-0,20658
4974	5567879,9	5717972,2	-207,1	80	-0,48858	-0,41236	-0,27067
4989	5568311,6	5718763,2	-29	-9,5	0,02284	0,07716	0,16368
5001	5568185,5	5718200,8	-230	-57,1	-0,34672	-0,21199	0,13736
5075	5568349,8	5716699,2	-10,9	-40,1	0,01339	0,1007	0,0439
5092	5567521,7	5717954,2	-13,3	41,9	0,23462	0,06335	0,23505
5130	5567050,9	5717463	11,6	5,9	0,02448	0,01311	0,0109
5134	5567800	5717757,4	-161,8	78,5	-0,1905	-0,22067	0,34618
5144	5568987,8	5716864,7	-24,8	-31,9	0,1153	0,04355	-0,0189
5145	5567325,3	5718430,6	0,2	9,9	0,07424	0,00819	0,02481
5158	5567088,1	5718192,9	10,4	-2,2	0,0051	0,02369	-0,06024
5210	5567928,5	5717709,9	-246,4	35,7	-0,50718	-0,47296	-0,10407
5230	5567371,9	5717725,3	1,1	25,7	0,02255	0,00584	-0,03873
5236	5568863,8	5717353	-1,1	-33	0,08342	-0,01032	-0,10891
5259	5567897,6	5717285,4	-87,1	-6,3	-0,09504	0,24107	0,24407
5278	5567261,6	5717079,1	-4,6	11,2	0,04647	0,0241	0,01809
5281	5567597,4	5717270,2	-29,4	24,6	-0,00532	0,01428	0,07172
5289	5568838,8	5717941,8	-65,1	-87,5	0,14268	-0,07754	-0,04728
5297	5568277,4	5717804,3	-200,7	-175,4	-0,03952	-0,29339	-0,05729
5308	5569216,4	5718829,4	-51,2	10,7	-0,05285	0,09793	0,08732
5344	5567398,7	5717242	1,2	25,4	0,06731	0,13238	0,13625
5347	5567675	5716746,1	-1,1	14,6	-0,00129	0,13135	0,15836
5378	5568858,5	5718541,8	-38,8	-48,5	0,0831	0,11502	0,09843
5380	5568613,3	5716810,1	-32,2	-18,5	-0,00478	-0,04432	-0,0341
5384	5567891,6	5718007,5	-204,3	96,6	-0,5328	-0,36152	-0,29971
5392	5569272	5717053,6	-18,7	8,1	-0,01879	-0,10089	0,03266
5394	5568929,4	5718699	-37,8	-5,9	0,03327	0,05411	0,01925
5400	5567237,1	5717838,4	-1,8	15,6	0,05209	-0,01268	-0,03065
5410	5568587,9	5716784,1	6,4	14,8	-0,01043	-0,03433	-0,03122
5423	5568939	5717856,4	7,4	-36,9	0,13366	0,01836	-0,03658
5436	5568536,3	5718784,1	-27	-18,5	-0,01611	0,01057	0,04769
5438	5567681,1	5718077,1	-52,8	78,8	-0,01355	-0,23727	-0,00025
5445	5568008,7	5717530,8	-219,2	-28,1	-0,36118	-0,06515	-0,11018
5449	5568291,2	5717050	-21,8	-23,2	-0,01361	0,08944	-0,08548
5455	5567493,2	5717266	-19	28	0,0188	0,04717	0,09232
5460	5567048,7	5718713,8	10,7	1,4	0,01142	0,1005	0,00646
5464	5568978,9	5717668,2	-18,3	-58	0,08277	0,01558	-0,03765
5471	5568563,3	5717622,9	-37,4	-67,3	0,16924	0,05181	0,04482
5472	5568245,7	5717819	-294,8	-47,6	-0,12245	-0,32774	-0,06713
5500	5568356,5	5718385,6	-85,4	-73,2	-0,00291	0,05324	0,214
5512	5568770,7	5717794,9	-43,2	-76,9	0,11354	-0,01664	-0,10237
5514	5567642,9	5718024,6	-45	82,3	0,08324	-0,20151	0,0843
5517	5568885,1	5717328,2	-12,6	-44,4	0,07277	0,00395	-0,10786
5550	5567505,4	5718549,3	-10,7	25,9	0,0197	0,024	-0,05129
5591	5568435,8	5717139	-30,4	-30,6	0,02651	0,15398	-0,0738
5610	5567072,4	5717868,2	-1,9	6,8	0,01904	-0,04974	-0,07068
5613	5567454,6	5717091	-10	16,5	0,06841	0,05427	0,19216
5623	5568390,5	5717558,8	-160,1	-147,3	0,03322	-0,08126	-0,25206
5627	5568781,4	5716875	-15,7	-38,7	0,00891	-0,02263	-0,0025
5634	5568406,5	5717487,9	-143,9	-122,2	0,02441	-0,05644	-0,25286
5635	5568507,7	5718115,6	-133,3	-181,6	0,22387	-0,17214	0,08831
5644	5567558,6	5718239,3	-15,3	34,6	0,10984	-0,08443	-0,04412
5692	5568794,8	5717678,9	-21,7	-61,1	0,08777	0,0522	-0,09205
5711	5568810	5717252,5	-6,6	-26,1	0,05708	0,02151	-0,08279
5712	5567516,4	5716787,7	-5,1	10,6	0,02582	0,06092	0,05648
5713	5567116,4	5716813,4	0,3	7,4	0,00537	-0,04052	-0,0197
5717	5567727,1	5718400,9	-18,6	26,4	-0,11627	0,11497	-0,12387
5726	5567627	5717032	-13,4	34,2	-0,02484	0,01143	0,1387
5730	5567990,8	5717847,6	-307,9	12,6	-0,64172	-0,63157	-0,37312
5755	5567748,3	5718418,8	-13,2	51,3	-0,13962	0,11984	-0,13254
5773	5567383,1	5718461,3	7,5	34,1	0,07449	0,02934	0,00389
5784	5568561,1	5718284	-49,3	-83,3	0,15779	-0,09203	0,0913
5795	5567301,6	5718283,6	-14,2	14,4	0,09623	-0,01459	-0,01293
5838	5568769,9	5718781,1	-47,5	-20,9	0,02632	-0,07287	0,08863
5855	5567507,3	5718810,8	25,7	34	0,0139	0,00631	-0,06063
5857	5567642,7	5717282	-32,2	16,1	-0,00922	0,01958	0,13904
5859	5567738,8	5717677,4	-84,1	54,5	0,03443	-0,10822	0,60781
5862	5567662	5718392,2	7,6	62,6	-0,0424	0,10232	-0,09223
5870	5568084,7	5717255,5	-78,3	-28,5	-0,15347	0,40016	-0,04588
5891	5568958,2	5717532,8	-11,9	-40,9	0,10829	-0,02935	-0,02618
5935	5567142,1	5718151,4	1,7	4,7	0,04275	0,04142	-0,06783
5967	5567349,5	5717574,8	5,1	19,8	0,01274	-0,09812	0,04488
5974	5567100,1	5718693,9	14,6	5,9	0,04291	0,08228	0,00537
5976	5567436,7	5717113,7	5,7	30,1	0,06955	0,06124	0,18387
5979	5568214,4	5718207,1	-194,9	-96	-0,30599	-0,20732	0,15275
6020	5567480,1	5717927,1	9,4	63,2	0,18916	0,12285	0,16923
6055	5567042	5717311,8	12,1	8,4	0,01227	0,06513	0,00351
6067	5567180	5718176,7	7,2	18	0,04894	0,03521	-0,06266
6074	5567576,4	5718145,7	-25,7	40,8	0,13301	-0,1644	0,00457
6075	5567049,7	5716969,6	4,2	-2,4	-0,02556	-0,06395	-0,04719
6077	5567448	5717248,4	-4,7	18,3	0,04897	0,09668	0,11308
6084	5568800,5	5717311,2	-22,3	-50,6	0,06235	-0,00161	-0,08899
6085	5568555,8	5717971,1	-95,2	-132,6	0,21649	-0,16442	0,09984
6100	5569139,5	5717479,4	-11,1	-6,5	0,02731	0,06077	0,00188
6113	5567489,6	5716925,6	-10,9	9,1	0,07415	0,0199	0,15992
6117	5569108,3	5718720,1	-54,1	-13,9	-0,02165	0,03456	-0,0154
6118	5567288,1	5717494,8	9,4	18,9	0,03495	-0,04592	0,10294
6136	5568347,8	5717250,9	-61,1	-53,5	0,03006	0,18756	-0,12121
6149	5567146,4	5717685,4	17,6	28,6	0,0454	0,02907	-0,03318
6171	5568466,1	5717244,5	-25,7	-41	0,04716	0,11649	-0,06809
6186	5567444,9	5717939,2	0,9	34,4	0,15852	0,11699	0,15728
6193	5569175,9	5717347,9	-2,3	8,3	-0,00664	0,05436	-0,00335
6211	5568536,1	5718651,4	-16	-15,1	0,03321	0,13376	0,08221
6224	5568957,3	5717160,3	8,2	-38,1	0,06226	0,01165	-0,05767
6240	5567411,6	5717709,3	-8,3	34,4	0,02826	-0,0116	-0,04875
6271	5568501,2	5718407,5	-33,4	-37,7	0,08964	0,06144	0,14589
6273	5569238,6	5717244,8	-4,4	-1,6	-0,04153	-0,07515	0,0172
6274	5567583,2	5716894,1	-7,6	26,1	0,01789	0,09594	0,19838
6291	5567135,2	5716990,9	-3,7	-5,5	-0,00017	-0,05718	-0,05308
6320	5568846,5	5716863,6	-30,7	-40,9	0,03222	-0,01667	-0,01344
6323	5567581	5717550,1	-50,5	47,6	0,16	-0,11922	0,26747
6326	5567827,6	5717840,7	-182	73,1	-0,35292	-0,42069	-0,02166
6327	5569155,2	5717020,6	6,5	25,5	0,04355	-0,06889	0,05357
6328	5567936,4	5717569,7	-212,2	-6	-0,3286	-0,12427	0,10985
6329	5567937,7	5717201,3	-70,7	-5,7	-0,08075	0,28019	0,12514
6331	5567128,3	5718366,2	-5,2	23,3	0,0451	-0,07966	-0,04792
6346	5567867,4	5717693,3	-193,5	42,6	-0,33765	-0,34782	0,14987
6352	5568623,3	5717580,8	-68,7	-104,5	0,16123	0,09695	0,02764
6362	5568115,1	5718348,8	-151,3	-29	-0,34511	0,07348	-0,01614
6368	5567799,8	5716671,4	-17,2	0,2	0,00611	0,02853	0,10702
6374	5567253,1	5717411,6	5,8	-5,2	0,05178	-0,00197	0,10952
6382	5567864,4	5717989,8	-180,4	88,9	-0,44366	-0,37077	-0,2901
6386	5568709,7	5717601,3	-57,5	-87,2	0,1144	0,05732	-0,03322
6388	5567977,3	5718147,5	-221,1	38,6	-0,55732	-0,21122	-0,22381
6391	5568992,4	5717386,6	-21,7	-75,9	0,07842	0,03724	-0,04964
6406	5568518,6	5716778,5	-11,9	-18,9	-0,018	0,01981	-0,04548
6414	5568869,2	5717563	-33,9	-50,2	0,09687	-0,00685	-0,04883
6425	5568066,7	5717836,5	-315	-37,6	-0,5767	-0,61108	-0,37014
6437	5567745,3	5716832,2	-14,3	17,6	-0,05566	0,09961	0,09318
6442	5568426	5717541,5	-136	-114,4	0,06113	-0,06007	-0,20083
6459	5567606,1	5717000,3	-18,4	0,7	-0,01245	0,02716	0,16268
6469	5568863	5717829	-30,8	-81,2	0,13128	0,00873	-0,09539
6486	5567947,8	5717551,8	-216,3	-8,4	-0,33658	-0,07637	0,07824
6488	5567206,6	5718161,2	9,7	3,7	0,06308	0,02579	-0,03478
6489	5567215,3	5717920,8	8,8	18,6	0,05309	-0,03647	-0,05423
6495	5567885	5717289,7	-69,4	16,4	-0,08704	0,22598	0,24862
6501	5567520,9	5718096,2	-22,1	41,6	0,17659	-0,17779	0,11625
6507	5567549	5717776,3	-26,8	44,7	0,22271	0,10557	0,32626
6537	5568050,2	5716996,3	-22,1	-17,7	-0,05785	0,07768	0,01303
6549	5568330,6	5718608,3	-54,8	-25,4	-0,01138	0,17883	0,17236
6551	5567842,2	5717148,4	-43,9	11,1	-0,08751	0,12971	0,04606
6555	5567342,1	5717722	3,9	26,1	0,02788	0,00233	-0,02359
6556	5568270,5	5718597,5	-58,5	0,4	-0,04096	0,18571	0,14546
6557	5567553,1	5717930,2	-21,1	56,9	0,21519	0,07116	0,28369
6576	5567243,5	5717610,9	10,5	12,1	0,03256	-0,01145	0,0394
6582	5567319	5717740,6	7,3	33,5	0,03204	0,01462	-0,01881
6590	5567529,9	5717588	-43,6	41,3	0,10523	-0,16185	0,14893
6598	5568780,6	5716666,8	-16,4	-14,9	-0,00186	-0,02685	-0,03964
6617	5568859,2	5718157,1	-49,2	-76	0,16582	-0,09495	0,06569
6621	5568410,6	5718306,3	-119,8	-84,7	0,09835	-0,09067	0,2079
6625	5567719,1	5718094,8	-73,6	111,8	-0,10617	-0,24689	-0,05332
6636	5568656,6	5717329,6	-16,7	-44,5	0,03753	-0,04115	-0,05412
6640	5568843,6	5717249,8	-1,4	-41,8	0,04491	0,02037	-0,08341
6644	5567876,6	5718209,6	-130,8	49,6	-0,39598	-0,1124	-0,27058
6652	5569052	5716936,4	-1,1	4,1	0,12471	0,01251	0,01544
6658	5568122,9	5717764,9	-327,5	-79,1	-0,46318	-0,5811	-0,37072
6675	5568590,2	5717422,1	-52,9	-88,6	0,06488	-0,10362	-0,06035
6679	5568657,1	5717903,9	-64,4	-97,4	0,18566	-0,10986	-0,02101
6684	5568219,6	5717117	-60,3	-54,7	-0,04419	0,19522	-0,08927
6692	5567929,5	5716997,6	-40,1	-12,3	-0,07193	0,06501	-0,03519
6694	5569227,9	5716802,6	17,9	38,4	0,0153	0,18729	0,06075
6697	5568124,5	5717190,2	-59,2	-33,5	-0,10425	0,35153	-0,0663
6698	5567136,9	5718012,6	-1,9	2,5	0,03184	-0,02468	-0,07486
6701	5568816,2	5718231,6	-39,7	-77,2	0,15677	-0,06761	0,07286
6708	5568614	5718677,7	-25,7	-3,2	0,01934	0,07898	0,09752
6712	5567451,1	5716737,4	-0,8	2,9	-0,00281	0,01336	-0,09775
6715	5567081	5717162,7	7,1	15,7	0,00226	0,04199	-0,0276
6722	5567337,8	5718450,9	7,5	7,4	0,07951	0,01265	0,02258
6723	5567263,6	5717899,4	-2,7	18	0,06987	-0,02094	-0,01662
6746	5568358,5	5716945,7	-17,3	-14,2	0,00231	0,03766	-0,06267
6747	5568574,5	5717361,6	-53,6	-68	0,04692	-0,05	-0,09977
6761	5568572,6	5716742,7	-10,9	-26,2	-0,00671	0,00037	-0,03152
6763	5567942,1	5718848,8	-51,6	-54,1	-0,15463	0,11771	-0,03579
6766	5568960,7	5718754,2	-12,9	14,5	0,04649	0,00816	-0,00756
6768	5568818,3	5718513,9	4,9	-3,1	0,08837	0,13666	0,10956
6769	5567291,4	5718440,1	6,6	1,8	0,07858	-0,00947	0,02281
6774	5567821,4	5717688,3	-174,1	58,2	-0,22284	-0,27405	0,32181
6788	5568815,5	5718100,6	-42,1	-83,7	0,18078	-0,1122	0,00969
6820	5568874,4	5718778,9	-46,1	-31,7	0,02663	-0,0542	0,05911
6829	5567693,5	5718323	-13,8	48,2	-0,06152	0,05987	-0,0996
6833	5567214,6	5718879,2	5,2	8,2	0,03035	0,00231	-0,06817
6843	5568989,8	5717819,7	4,6	-32	0,11726	0,03614	-0,02637
6846	5567183,1	5717402,8	2,1	19,6	0,03008	0,00533	0,06444
6859	5568162,7	5717637,2	-293,9	-106,6	-0,34711	-0,36585	-0,45953
6878	5568927,9	5718772,4	-38,9	3,2	0,0342	-0,03042	0,02236
6887	5567515,7	5718273,1	-1,2	42,6	0,09611	-0,03696	-0,03562
6895	5568128,4	5718352,2	-140,7	-31	-0,31348	0,04739	0,02034
6902	5567826,9	5717510,5	-111,5	36,9	-0,11995	0,05343	0,47667
6919	5568346,6	5717881	-164,6	-123,9	0,10424	-0,23312	0,18758
6920	5568032,1	5717518,8	-188,1	10,5	-0,3445	-0,04378	-0,1431
6925	5568508,7	5717433,5	-75,3	-74,9	0,07462	-0,09722	-0,14204
6947	5569264	5717292,9	-10,7	-25,3	-0,05755	-0,02172	0,01375
6963	5567265,2	5717759,6	9,5	19,4	0,0139	0,01656	-0,01103
7018	5568881,2	5717058	25,2	5,1	0,05805	0,02472	-0,01102
7032	5567647,7	5717341,9	-32,9	17,2	0,0272	0,00695	0,19267
7049	5567814	5717843,7	-173	71,6	-0,30184	-0,35673	0,08975
7054	5569011,9	5716794,5	17	-2,6	0,07904	0,09613	-0,0585
7057	5567381,1	5718436,4	8,9	13,3	0,07514	0,03306	0,01068
7058	5568245,1	5717573	-212,5	-135,3	-0,17601	-0,19009	-0,44691
7062	5567306	5717399,3	10,8	21,6	0,05209	-0,00733	0,13358
7066	5568361,3	5717196,8	-48,3	-50,2	0,03359	0,17142	-0,1002
7086	5568469,7	5717066,7	-31,5	-40,5	0,02366	0,12219	-0,06845
7087	5568064,3	5717677,1	-275,8	-50,4	-0,51171	-0,52751	-0,42754
7143	5567647,6	5718366,1	-7,4	26,1	-0,01649	0,09303	-0,09118
7147	5567904,5	5717842,8	-243,1	58,5	-0,52639	-0,55672	-0,23621
7151	5568052,5	5717157,8	-56,6	-18,2	-0,10941	0,29821	0,00513
7190	5569048,3	5717239	-10,7	-17,4	0,05441	-0,0153	-0,04402
7203	5568134,8	5718211,6	-224,7	-67,6	-0,41226	-0,19531	0,0153
7207	5568304,5	5716944,3	-9,7	-26,7	-0,0099	0,05251	-0,03544
7241	5567847,4	5717294,3	-79,5	13,6	-0,08307	0,18187	0,27179
7245	5567992,6	5718744,9	-58,7	-51,6	-0,15393	0,1349	-0,07106
7256	5569066,3	5717103,4	-11,1	-13,9	0,08784	-0,08188	-0,00435
7306	5568983,3	5718690,2	-27,8	-6,2	0,03277	0,04888	-0,01231
7312	5568119,6	5718143,2	-249,1	-56,5	-0,47244	-0,26581	-0,01702
7342	5567504,5	5717255,5	-11,8	18,5	0,01845	0,04728	0,09762
7344	5568855,4	5717646,4	-17,7	-49,5	0,09014	0,02459	-0,08583
7345	5567463,1	5716756,3	-5,1	6,7	0,01365	0,02349	-0,07099
7368	5567875,8	5717833,7	-211,3	79,9	-0,47604	-0,50218	-0,12679
7369	5567461,5	5718269,6	-6,3	31,2	0,07071	-0,03453	-0,00975
7373	5568823,2	5718783,1	-45,6	-33,5	0,0415	-0,07293	0,07446
7383	5568926,5	5718871,9	-45,4	-6,3	0,03128	-0,06598	0,04394
7405	5568904,2	5718220,7	-8,9	-35,6	0,1401	-0,06752	0,12146
7414	5567437,7	5718074,5	-13,4	22,4	0,1542	-0,09175	0,14252
7433	5567209	5718683,1	4,5	2,2	0,04892	0,06573	0,03624
7464	5568917	5716810,4	-6,5	-20	0,05156	0,01269	-0,04955
7471	5569012,5	5718693,5	-37,3	0,2	0,01453	0,04847	-0,01371
7477	5567949,5	5717318,6	-85,1	-1,6	-0,15297	0,33084	0,17603
7482	5567194,8	5717580,4	7	22,3	0,04825	0,01548	0,0157
7486	5567420,8	5717436,3	-17,1	12,7	0,0264	-0,08657	0,01762
7495	5567879,3	5717021,4	-37,7	1,3	-0,08228	0,06826	-0,04376
7502	5567578,7	5718186,3	-20,3	27	0,11043	-0,12072	-0,03122
7511	5569187,8	5717591,7	0,4	-15,6	0,01998	0,00029	0,02133
7523	5568034,2	5716829,1	-13,6	-13,4	-0,04245	0,04227	-0,05949
7524	5567328,4	5718386,3	2,1	16,4	0,0715	0,01032	0,00827
7535	5569242,9	5718808,7	-46	8,1	-0,04973	0,09013	0,07319
7577	5568215,7	5717530,8	-195,3	-103,9	-0,20732	-0,16528	-0,45826
7585	5568293,7	5716716	-5,8	-18,1	0,00092	0,09706	0,03528
7586	5567057,2	5717663	1	15,8	0,01653	0,04625	-0,02564
7600	5567902	5717698,9	-225,7	32,3	-0,43946	-0,40892	0,01789
7614	5567178,2	5717630,5	23,1	25,3	0,04696	0,02569	-0,01031
7619	5568835,1	5716978,9	-4,3	-6,2	0,05942	0,03914	-0,01242
7625	5568448,2	5716897,2	-19	-27,8	0,01235	0,00235	-0,0842
7631	5568314,5	5718090,3	-182,2	-186,5	-0,0397	-0,25148	0,23018
7637	5568377,3	5717463,8	-141	-103,5	0,00272	-0,05765	-0,29286
7658	5568068,2	5717061,7	-45	-21,6	-0,07992	0,188	0,00129
7665	5568031,5	5716680	-16,6	1,7	-0,05329	0,0013	-0,07465
7674	5569178,3	5717279,6	-5,4	-11,9	0,00264	-0,03317	0,00323
7686	5567975,9	5717848,7	-298,1	15,4	-0,64126	-0,62883	-0,36003
7705	5568616,6	5717404,2	-51,3	-66,8	0,06064	-0,07958	-0,05487
7713	5569123,6	5718723,9	-51,8	-26,6	-0,02957	0,03719	-0,01225
7715	5567493	5718568,9	-5,6	27,5	0,02358	0,01802	-0,0543
7736	5568413,4	5717197,5	-41	-40,1	0,0507	0,14759	-0,09224
7744	5568470,6	5716790,8	-9,7	-24,4	-0,00642	0,02065	-0,04802
7746	5567205,2	5718360,7	-0,9	16,3	0,07086	-0,0469	-0,03244
7750	5568486,9	5716814,8	-0,3	-22,2	-0,00809	-0,00436	-0,05582
7757	5568711,1	5716953,6	-20,2	4,1	-0,00991	0,02465	0,0246
7772	5567914,2	5717185	-69,8	-17	-0,06914	0,25131	0,11885
7807	5568474,7	5718442,4	-91,2	-105,6	0,06074	0,11286	0,16288
7812	5568198,2	5717570,2	-229,3	-100,5	-0,23793	-0,24889	-0,48493
7820	5568695,6	5717351,6	-23,2	-46	0,06157	-0,05523	-0,05371
7851	5567388,6	5717227	-4,6	20,3	0,07659	0,13237	0,1389
7857	5567893,8	5717005	-33,4	11,1	-0,08203	0,07054	-0,04905
7891	5568097,9	5717310,4	-87,1	-45,7	-0,17766	0,41008	-0,10328
7930	5567374,5	5718766,3	1,4	8,7	0,01316	-0,00771	-0,07102
7936	5567385,6	5718761,4	4,1	13,4	0,01147	-0,00872	-0,07686
7952	5567402,2	5717974,1	-3	24,9	0,13739	0,02335	0,13119
7997	5567481,3	5718285,2	-6,9	16,4	0,07766	-0,0121	-0,01999
8007	5569086,4	5718008,8	-4,1	-25,2	0,04366	0,02369	0,04718
8018	5568005,4	5716672,7	-11,5	-16,8	-0,05355	0,00602	-0,06378
8022	5567106,2	5717003,7	-9,9	-3	-0,00456	-0,04752	-0,05255
8041	5567440	5717419,2	-20,4	20,7	0,03883	-0,0696	0,02533
8052	5568233,2	5718232	-176,5	-79,7	-0,23531	-0,18966	0,16853
8056	5568952	5716899,2	-22,5	-23,6	0,09026	0,01257	-0,00714
8066	5568372,2	5717804,3	-221,8	-175,5	0,16737	-0,16252	0,09639
8073	5568301,1	5718684,3	-38,6	-24,2	0,00422	0,12121	0,18018
8079	5567932,3	5718157,3	-167,9	69,6	-0,51518	-0,19618	-0,26133
8151	5568617,6	5717931,4	-103,2	-142,5	0,19198	-0,14579	0,03131
8155	5568656,5	5718042,7	-71,1	-125	0,15386	-0,15425	0,01
8186	5568945,2	5717827,4	-2,7	-61,9	0,12301	0,0223	-0,0366
8188	5567516,8	5718288,4	-6,4	30,5	0,0916	-0,00952	-0,03889
8197	5568088,7	5717172,3	-46,5	-12,8	-0,11479	0,32626	-0,03403
8219	5567068,2	5718375,8	-6	11,2	0,01092	-0,09105	-0,0457
8221	5567751,3	5717001,4	-26,2	9,6	-0,09498	0,02322	0,03907
8246	5568192	5717684,3	-272,3	-132	-0,27039	-0,46047	-0,4149
8247	5567284,4	5717094,7	4,1	16,4	0,05791	0,05139	0,04783
8273	5568408,6	5718832,4	-48,4	-24,7	0,00198	0,02168	0,05851
8285	5569119,5	5718789,4	-43	5,4	-0,03234	0,03939	0,00021
8320	5568518,9	5718394,2	-61,5	-84,7	0,09983	0,02044	0,1469
8332	5568975,3	5716703	-1,5	-5,7	0,0303	0,08192	-0,11618
8374	5567223,8	5717402,9	8,2	-1,9	0,04372	0,00248	0,09597
8386	5568405,1	5717453,3	-112,5	-96,9	0,0195	-0,06838	-0,25875
8396	5568078,1	5717300,1	-86,5	-20,6	-0,17126	0,41768	-0,06854
8400	5568334,2	5718724,2	-35	-10	0,02403	0,08706	0,16531
8405	5567276,7	5717779,9	-3,4	22,5	0,02223	0,01005	-0,01219
8415	5568056,3	5717507,6	-186,7	-53,1	-0,34257	-0,06608	-0,21201
8418	5567365,7	5717256,9	-5,6	11,8	0,06294	0,13222	0,13478
8435	5567762	5718721,4	4,3	0,7	-0,10741	0,07846	-0,02989
8441	5568791	5718870,1	-16,6	15,1	0,00455	-0,06606	0,09174
8449	5568178,9	5717826,1	-317,8	-56,5	-0,30623	-0,47137	-0,20736
8460	5568822,8	5717596,3	-21,3	-61,8	0,08245	0,01218	-0,06292
8479	5568440,7	5718666	-11,7	3,5	0,03185	0,15049	0,09533
8486	5567865	5718026,1	-185,8	81,6	-0,43603	-0,32613	-0,30458
8490	5568233,2	5718485,6	-88	-16,1	-0,12073	0,21177	0,12228
8499	5568158,6	5718847,1	-30,7	-40,4	-0,01437	0,11334	0,08642
8501	5568012,4	5718847,5	-3,3	22,1	-0,09984	0,12978	-0,01979
8516	5569203,4	5716858	-7	17,5	0,04703	0,13329	0,05775
8533	5568896,5	5718725,9	-46,7	-19,7	0,03238	0,00017	0,04
8536	5567513	5717592,5	-40,7	47,1	0,0815	-0,17012	0,09444
8564	5568354,8	5716903,4	-26,8	-19,8	0,008	0,03219	-0,03929
8572	5567604,4	5718408,8	-1,5	35,6	0,01088	0,1125	-0,07209
8581	5567093,3	5716818,4	2,3	0,6	0,00459	-0,03926	-0,02906
8589	5567533,4	5717243,6	-17,8	16,3	0,01395	0,03612	0,09546
8602	5568258,1	5718794,1	-18,6	9,1	0,03629	0,0842	0,15212
8608	5567501,7	5718259,3	-9	29,3	0,09241	-0,05312	-0,02397
8609	5568043,5	5718321,5	-146,9	-4,4	-0,38639	0,07154	-0,085
8610	5567348,9	5717598,8	-11,1	28,3	0,00686	-0,08643	0,02135
8639	5568641,1	5717419,4	-34,7	-48,5	0,07851	-0,08207	-0,0444
8649	5568197,1	5718607,4	-58,8	-16,5	-0,08551	0,17926	0,08773
8652	5567468,6	5717933,8	-24,8	6,1	0,18017	0,13133	0,16846
8676	5568751,9	5718107,4	-27	-71	0,15453	-0,12405	-0,00032
8685	5567895,6	5717545,4	-165,6	34,3	-0,25767	-0,03363	0,25601
8700	5567509	5718438,5	11,5	32,9	0,03204	0,12211	-0,02112
8707	5568006,7	5717570,8	-228,5	-0,8	-0,41765	-0,18844	-0,16866
8711	5568168,5	5717059,4	-26,4	-23,1	-0,04386	0,14401	-0,04772
8723	5567667,3	5718360	-12,9	50	-0,03592	0,0953	-0,09915
8736	5568958,3	5717681,5	-27,1	-48,6	0,09612	0,01506	-0,05244
8752	5568572	5716770,7	-3,6	-10,6	-0,01329	-0,01557	-0,03636
8772	5567842,7	5716986,7	-42,9	-6,1	-0,10123	0,05953	-0,04604
8783	5568198,5	5718145,4	-247,8	-78,9	-0,3152	-0,27133	0,10713
8796	5568860	5717250,9	-5,7	-41	0,04881	0,02135	-0,08586
8798	5568550,1	5718103,8	-102,4	-131,5	0,2103	-0,16202	0,06275
8843	5568678,3	5716801	0,2	-16	-0,00242	-0,06221	-0,00805
8853	5568857,9	5717876,1	-45,4	-69,2	0,13538	-0,01961	-0,08453
8857	5567809,3	5718026	-132,9	66,5	-0,31346	-0,33134	-0,20376
8877	5568736,6	5717382,5	-38,9	-64,9	0,07196	-0,07988	-0,04128
8892	5568623,5	5717621	-35,1	-41	0,17872	0,073	0,02199
8916	5568981,5	5718830,2	-28,7	27,7	0,05228	-0,03054	-0,01334
8922	5568440,8	5717550,4	-137,2	-130,3	0,08002	-0,05341	-0,18499
8925	5568548,7	5717427,2	-69,1	-88,1	0,07039	-0,10499	-0,09498
8927	5568573,4	5718332,3	-79,9	-97,2	0,13322	-0,03381	0,09744
8931	5568492,8	5716921,4	-18,5	-27,2	0,00791	0,00552	-0,09331
8963	5569005,4	5718050,8	5,2	-36,8	0,10448	-0,02195	0,07367
8966	5568912	5717886,8	-32,5	-84,8	0,14634	-0,00344	-0,0352
8974	5567423,1	5717221,1	-15,4	12,1	0,06742	0,11811	0,14289
8978	5568067,3	5718180,5	-233,3	-4,2	-0,50528	-0,20989	-0,06095
8982	5567699,3	5717269,6	-37,1	18,1	-0,03908	0,03189	0,16267
9012	5567636,3	5718607,9	-20,2	15,7	-0,07285	0,02532	-0,03449
9022	5567223,9	5717238,7	-2,7	11,6	0,03348	0,11973	0,06597
9032	5567169	5718354,9	-0,3	-0,5	0,06205	-0,06059	-0,04295
9049	5567737,2	5717748	-89,8	83,1	-0,00745	-0,12733	0,51239
9064	5568148,7	5717752,3	-314,4	-70,4	-0,40708	-0,55524	-0,36975
9068	5568933,8	5718372	-12,3	-21,5	0,08324	0,03721	0,11094
9071	5568424,7	5717836,4	-161	-159,7	0,21423	-0,1364	0,18901
9073	5568376,7	5717954,2	-146,9	-181,1	0,16638	-0,22665	0,22458
9079	5568568,7	5716948,7	-19,1	-32,8	0,01077	0,01748	-0,03607
9087	5568008,4	5717174,4	-54,1	-4,9	-0,11419	0,30243	0,04161
9088	5567060,7	5718000,1	3,4	12,7	-0,00097	-0,04119	-0,09403
9090	5568827	5717243,4	5,6	-33,1	0,0472	0,02128	-0,08097
9143	5568942,9	5718526,6	-0,7	-1,8	0,0216	0,10063	0,07037
9148	5567994,5	5716847	-31,5	-31,3	-0,05223	0,05516	-0,06603
9150	5567892	5717155,5	-52,3	3,4	-0,07423	0,18877	0,05085
9153	5568100	5717012	-26,2	-6,2	-0,05282	0,09086	0,00974
9213	5568851,7	5718497,8	-17,9	-32	0,09521	0,13476	0,10016
9215	5568844,9	5716694,8	-3,6	-6,5	0,00477	0,00207	-0,08184
9233	5568927	5718222,7	-4,7	-26,8	0,1236	-0,07139	0,12686
9241	5567999,4	5717826,5	-324,2	-7,8	-0,6319	-0,64057	-0,38878
9250	5567356,2	5717760,6	-6	7,1	0,02816	0,02524	-0,03891
9259	5569230,5	5716739,6	40,1	55,4	-0,003	0,22575	0,03957
9269	5568164,6	5716823,8	-8,5	-18,4	0,0024	0,0514	0,03761
9271	5567807,5	5718172,2	-109,7	94,1	-0,2544	-0,16479	-0,24232
9289	5567484,9	5717104	-8,2	18,9	0,05934	0,04934	0,2026
9291	5568696,1	5718352,6	-27,7	-58,2	0,13056	0,01826	0,07915
9292	5568443,7	5717228,9	-32,9	-47,2	0,05232	0,13304	-0,07807
9316	5567493,7	5718117,9	-10	34,2	0,15934	-0,14326	0,11025
9362	5567454,1	5717579,2	-36,8	36	0,03813	-0,18679	-0,01573
9364	5568454,1	5718414,5	-80,9	-66,7	0,0573	0,06802	0,17915
9376	5569133,9	5717563,6	13	-14,9	0,02618	-0,00311	0,04056
9382	5568219,4	5718488,4	-94,1	-33,3	-0,13618	0,21326	0,10439
9407	5567516,1	5717788,2	-27,1	34	0,1875	0,10104	0,23471
9432	5569009	5718433,7	-17,6	-24,4	0,0066	0,0449	0,07666
9475	5568778,3	5717860,8	-19	-92,4	0,12735	-0,04764	-0,09304
9495	5569246,5	5717600,4	-2,8	-25	0,00196	-0,00401	0,00871
9500	5567650	5716916,4	-15,6	2,7	-0,02835	0,10907	0,17329
9523	5567921	5718183	-146,8	61,3	-0,47373	-0,15666	-0,26893
9527	5568807,2	5716716,2	-0,9	-21,8	0,0012	-0,02723	-0,04991
9528	5567499,7	5716761,2	-5	22,7	0,01874	0,04694	-0,0138
9529	5567975,3	5716695	-17,3	6,8	-0,05613	0,02163	-0,05821
9541	5568142,3	5716995	-39,2	-47,1	-0,03059	0,09923	-0,00727
9546	5568886,9	5718369,2	-0,9	-29,5	0,11123	0,04692	0,1128
9547	5569038,4	5718695,8	-23,9	11,4	0,00667	0,0443	-0,01802
9553	5567072,1	5718337,9	15,4	20,8	0,01726	-0,08766	-0,04918
9555	5567311,2	5718062	13,9	27,9	0,09781	0,00012	0,0661
9564	5567883,8	5718189,7	-136,4	54	-0,40243	-0,13474	-0,28862
9571	5568465	5718286,9	-101,7	-106,4	0,12817	-0,10871	0,17821
9611	5567532,5	5717738,7	-8,7	53,6	0,18631	0,05324	0,22281
9628	5568191,6	5717084,8	-37	-21,7	-0,04066	0,17512	-0,07274
9636	5568291,2	5717488,3	-168,2	-108,6	-0,09963	-0,07528	-0,39105
9642	5567346,8	5718123,4	-6,3	10,1	0,11292	-0,02038	0,06292
9651	5567517,9	5718563,9	-19,7	-1,5	0,01572	0,01446	-0,0569
9661	5568886,8	5718571,5	-30,4	-7,8	0,04496	0,10313	0,07876
9683	5567617,8	5718359,8	-21,1	54,5	0,01093	0,0709	-0,07029
9706	5568696,9	5716902,1	-12,6	-16,7	-0,00521	0,001	0,01346
9709	5568609,1	5716918,3	-12,6	-22,3	-0,00175	0,00518	-0,02932
9713	5567547,2	5718274,4	-19,6	26,6	0,09386	-0,03634	-0,05496
9722	5567393,6	5718264,7	-5,8	24,7	0,08229	-0,02024	0,00076
9771	5567919,8	5717367,4	-103,4	-7,7	-0,15708	0,21972	0,27001
9783	5568256,6	5717265,6	-68,5	-50,3	-0,04776	0,29086	-0,17731
9789	5568669,9	5717681,2	-60,9	-89,9	0,12395	0,03214	-0,0154
9795	5567722,3	5717660,4	-66,7	67,1	0,08532	-0,1028	0,59389
9819	5569218,5	5717007,4	-6	-15,9	0,01642	-0,06625	0,05896
9829	5568131,5	5716855	-11,2	-23,8	-0,00769	0,05977	0,01947
9841	5567569,1	5716754,9	-17,1	10,2	0,02079	0,10411	0,08213
9843	5568950,4	5718331,3	-40,8	-55,5	0,08213	-0,00598	0,11229
9881	5567874,7	5718860,5	-41,1	-39,3	-0,13204	0,10246	-0,04567
9883	5567840,9	5716832,4	-29,1	-8,8	-0,07491	0,05551	-0,03446
9890	5567318,7	5718613,9	9,1	20,8	0,06764	0,03847	0,02653
9896	5567947,7	5717852,7	-280,7	44,9	-0,61727	-0,61888	-0,34036
9954	5568012,7	5718159	-217,1	22,2	-0,54594	-0,21902	-0,18247
9982	5568012,4	5717835,8	-329,5	-15,2	-0,63334	-0,64109	-0,39805
9986	5568899	5718322,9	12,1	-26,5	0,11068	0,00815	0,12675
9987	5568549,2	5716926,4	-20,9	-22,5	0,00566	-0,00718	-0,06774
9989	5569139	5718063,9	3,7	-25,5	0,02112	0,02152	0,02612
9994	5568587,1	5718131,5	-97,1	-125,8	0,16787	-0,15176	0,04394
10011	5567441,3	5716883,9	-11,4	5,3	0,06593	-0,0153	0,06162
10040	5567986,4	5718344,1	-115	28,2	-0,37234	0,12503	-0,14416
10052	5568183	5716665,3	-15,6	0,8	-0,01216	0,05041	-0,0279
10056	5567757,3	5717608,5	-85,1	58	0,00185	-0,08171	0,62397
10074	5568399,8	5717119,8	-26,9	-36,1	0,04154	0,15886	-0,07836
10075	5567421,8	5717050,9	-11,8	14,2	0,09256	0,04054	0,16517
10084	5568314,8	5716970,1	-20,7	-22,6	-0,00451	0,06227	-0,05177
10086	5567407	5717572,6	-0,4	32,9	0,0203	-0,17658	-0,01454
10110	5567310,9	5717500,8	-6,2	1,3	0,03104	-0,05671	0,09463
10124	5567419,1	5718091,8	-10,2	32,5	0,13371	-0,07641	0,12121
10140	5567202,9	5716976,1	-10,6	4,6	0,02227	-0,07505	-0,04287
10143	5568176,9	5718200,3	-217,3	-49,5	-0,36467	-0,20644	0,10927
10144	5568235,1	5717851,7	-299,9	-52,6	-0,1678	-0,35857	-0,06278
10148	5567065,5	5718738,3	33	24,6	0,01231	0,09765	0,01659
10151	5567053,7	5718856,5	10	10,6	0,0087	0,03365	0,02138
10182	5568848,9	5717666,9	-26,8	-64,4	0,09039	0,02793	-0,09477
10183	5567890,7	5716832	-18,8	-3,8	-0,07851	0,04615	-0,06932
10221	5567356,3	5716719,4	-2,5	-1,4	0,01019	-0,00929	-0,06042
10249	5568734,1	5716764,2	-19,5	6,1	-0,01169	-0,04117	-0,00525
10270	5568599,4	5717407,6	-59	-76,1	0,05862	-0,08714	-0,06547
10289	5568413,1	5717211,5	-34,6	-42,4	0,05168	0,14674	-0,09315
10297	5569213,4	5717227,7	-3,2	-10,5	-0,02423	-0,07783	0,01659
10324	5567879,1	5716695,4	-19,8	17,7	-0,03868	0,03866	0,01393
10328	5568757,7	5717427,5	-17,7	-61	0,07327	-0,08882	-0,02857
10331	5568459,6	5717525,8	-94	-84,4	0,07611	-0,04861	-0,18475
10336	5569176,8	5717202,8	-15,2	-8,2	-0,00692	-0,08231	0,01334
10347	5567401,8	5717734	-12,3	39,7	0,02732	0,00701	-0,05224
10383	5567508,2	5718126,8	-15,6	28,2	0,14835	-0,14874	0,0702
10384	5568361,2	5718250,1	-180,2	-144,9	0,04805	-0,17812	0,23903
10387	5568405,2	5716869,3	-10,2	-35,8	0,0062	0,01176	-0,04976
10390	5567577	5717060,2	-8,2	13,2	0,00167	0,01233	0,1785
10399	5567510,2	5717412,2	-24,2	20,9	0,02228	-0,04483	0,0365
10412	5567138,4	5718501,7	-3,4	16,9	0,06399	-0,07444	-0,01657
10429	5569023,4	5717832,9	-15,1	-44,4	0,11247	0,04813	-0,00403
10435	5567418,7	5717256,1	-13,3	3,8	0,05918	0,12363	0,131
10441	5567471,7	5718450,1	2,2	16,8	0,04141	0,08303	-0,00626
10449	5568480,1	5718120,5	-131,6	-127,1	0,22366	-0,19178	0,12896
10464	5568903,3	5717365,4	6,6	-23,8	0,08896	-0,01471	-0,0966
10477	5567602,6	5716918,1	-2	30,3	0,00042	0,10033	0,20244
10488	5568377	5718420,7	-88,4	-60,5	0,01842	0,10931	0,19681
10499	5567047,6	5717666,1	13,9	17,9	0,01227	0,04817	-0,02302
10506	5567436,6	5717224,3	-10,3	13,4	0,05993	0,11293	0,14574
10510	5568041,8	5717141,3	-47,5	-10,9	-0,10898	0,29244	0,0052
10512	5567733,8	5717573,5	-65,9	65,9	0,036	-0,00849	0,59833
10517	5568419,6	5717165,5	-31,5	-60,8	0,0413	0,15383	-0,086
10528	5568162	5716669,7	-11,7	6,5	-0,01348	0,04542	-0,03907
10529	5568251,8	5718157,5	-212	-134,9	-0,17746	-0,24812	0,1766
10547	5568262,4	5718482,6	-57	1,4	-0,09319	0,19661	0,17313
10549	5569080,5	5717403,1	11,4	-1	0,03151	0,06398	-0,00581
10576	5568614,5	5718035,5	-72,9	-133,9	0,20777	-0,16622	0,02427
10591	5569038,8	5717367,9	-2,8	-27,5	0,0528	0,04892	-0,03993
10623	5567394,9	5718593,2	19	37	0,04768	0,02916	-0,00209
10627	5567312,6	5716709,7	-12,3	-3,2	0,02121	-0,01033	-0,05077
10630	5567527,2	5718741	7,8	28,4	0,00609	-0,00535	-0,06111
10639	5569233,5	5717649,4	5,4	-32,4	0,01669	-0,03038	0,0132
10643	5568088,9	5717025	-30,1	-17,2	-0,06944	0,13081	0,00719
10652	5569122,8	5717872,9	-19,6	-33,5	0,05707	0,04326	0,02217
10656	5567106,8	5718355,3	1,5	11,2	0,03205	-0,08075	-0,04941
10663	5568374,2	5717563,7	-170	-146	0,01225	-0,11205	-0,2785
10678	5568998,9	5716772,1	4,7	-19,5	0,07488	0,08991	-0,07687
10724	5567098,5	5717462,6	4,1	4,9	0,02437	0,01016	0,01176
10745	5568633,4	5718129	-96,4	-122,3	0,16117	-0,14432	0,02321
10749	5568843,3	5718864,2	-20,2	9,9	0,02349	-0,07815	0,07141
10764	5568027,6	5718154,1	-231,2	20,7	-0,53957	-0,23464	-0,15044
10782	5567224,1	5717631,5	6,2	5,6	0,03536	0,00195	0,01832
10784	5568323,9	5717077,6	-37,7	-51,4	-0,00543	0,08987	-0,10975
10787	5567089,3	5717186,4	-26,8	-7,8	0,00676	0,05653	-0,0185
10791	5568950,6	5716674,6	-9,3	-15,6	0,02061	0,05954	-0,13805
10797	5568722,7	5717591,1	-38,8	-82,1	0,11221	0,0498	-0,03729
10810	5567535	5717257,4	-22,4	24,9	0,01231	0,03256	0,09214
10830	5568909,8	5717590,3	-10	-30,4	0,11881	-0,00655	-0,05485
10855	5567221,4	5718098,1	7,6	15,3	0,06966	0,03392	-0,01588
10885	5567353,6	5718620,3	-1,5	14,2	0,05819	0,03361	-0,00395
10886	5567620,5	5716886,6	-20,9	28,5	0,00248	0,10827	0,19684
10902	5567444,2	5716778,7	-14,1	-17,6	0,02195	0,00149	-0,06919
10908	5569266,7	5718446,6	-41,2	-16,2	0,02032	-0,02207	-0,05717
10913	5567401,4	5718412,7	3,4	28,1	0,07617	0,04427	-0,00142
10936	5568605,3	5716668,2	-5,1	-17,4	-0,00724	0,00777	0,00082
10939	5568162,5	5718390,6	-123,6	-24,6	-0,2452	0,11201	0,07363
10946	5569045,3	5717950,8	21,3	-16,2	0,08874	0,02401	0,0429
10952	5568434,7	5717231,1	-53,5	-48	0,05256	0,13994	-0,08568
10960	5569026,1	5716719,8	-13,2	-17,1	0,04122	0,12845	-0,0941
10974	5567440,6	5718569,4	25,3	29,6	0,05828	0,017	-0,0257
10996	5568399,4	5718404,4	-82,1	-82,3	0,03372	0,07167	0,19967
11005	5568197,7	5716854,8	-4,5	-12	0,01346	0,05045	0,04407
11019	5568792,7	5718052,6	-88,2	-113,4	0,17819	-0,13382	-0,01484
11031	5567862,6	5716805,5	-21,8	7,2	-0,07729	0,05386	-0,04749
11034	5568198,3	5718476	-90,8	-19	-0,15749	0,20837	0,07611
11070	5568032,7	5717660,3	-262,9	-13,7	-0,49011	-0,50492	-0,36208
11078	5568444	5718003,3	-151,5	-177	0,21387	-0,19766	0,22008
